0.73	0.67	0.78	2.26        MAR
0.69	0.63	0.75	2.26        MAR
0.69	0.63	0.75	2.26        MAR
0.71	0.66	0.77	2.26        MAR
0.7     0.64	0.76	2.26        MAR
0.73	0.67	0.78	2.26        MAR
0.58	0.5     0.67	2.26        MAR
0.56	0.48	0.65	2.26        MAR
0.45	0.34	0.56	2.26        MAR
0.5     0.4     0.6     2.26        MAR
0.83	0.79	0.86	7.066       SEIR
0.8     0.76	0.84	7.066       SEIR
0.79	0.74	0.83	7.067       SEIR
0.78	0.73	0.82	7.072       SEIR
0.76	0.71	0.81	7.078       SEIR
0.71	0.65	0.77	7.091       SEIR
0.71	0.65	0.77	7.09        SEIR
0.78	0.74	0.83	4.65        GSC
0.81	0.77	0.85	4.81        GSC
0.79	0.74	0.83	5           GSC
0.8     0.76	0.84	5.07        GSC
0.83	0.8     0.87	5.15        GSC
0.84	0.8     0.87	5.27        GSC
0.82	0.78	0.86	5.7         ELSC
0.77	0.72	0.81	7.2         ELSC
0.71	0.65	0.77	8.1         ELSC
0.79	0.75	0.83	9.1         ELSC
0.82	0.78	0.85	5.947       JDF
0.84	0.81	0.87	5.953       JDF
0.83	0.8     0.87	5.974       JDF
0.82	0.78	0.86	5.991       JDF
0.96	0.95	0.97	15.2        EPR
0.9     0.85	0.95	9.4         EPR
0.95	0.94	0.96	16          EPR
0.85	0.89	0.8     2           MAR
0.62	0.52	0.72	2.26        MAR
0.7     0.6     0.8     2.26        MAR
0.65	0.55	0.75	2.26        MAR
0.59	0.49	0.69	2.26        MAR
0.65	0.55	0.75	2.26        MAR
0.64	0.54	0.74	2.26        MAR
0.76	0.66	0.86	2.26        MAR
0.9     0.85	0.96	6.2         CR